camera0:

  rotation: [ 7.533745e-03, -9.999714e-01, -6.166020e-04, 1.480249e-02, 7.280733e-04, -9.998902e-01, 9.998621e-01, 7.523790e-03, 1.480755e-02]
  translation: [-2.717806e-01, -7.631618e-02, -4.069766e-03]
  intrisics: [9.842439e+02, 0.000000e+00, 6.900000e+02, 0.000000e+00, 9.808141e+02, 2.331966e+02, 0.000000e+00, 0.000000e+00, 1.000000e+00]
  distortion: [-3.728755e-01, 2.037299e-01, 2.219027e-03, 1.383707e-03, -7.233722e-02]


    
    